Linde	0.75	1	1	1 (9)	1	1	1 (10)	1	1(10)-->9.7
Angel	1	0.75	0.5	1 (8,1)	1	0.75	1	(9.2)0.5	0.5	0.75(5.8)-->7.7
Alex	0.5	1	0	0.25(4.4)	1	1	0.5 (8.3)	0.5	0	0(0.2)		-->			4.3
J Pedro	1	0.5	0	0.25 (4.4)	0.75	0.5(4.2) (0) --->3
Fran	1	1	0.5	0.75(8.1)	0.5		0.5		0.25(4.2)	0.5		0.5(3.3) -->5.2
J. Antonio 0.5	0.25	0.5	0.75(5)	0.5	1	0.5(6.7)	1	1	0.5(8.3) -->6.7
Luis 1	1 (5)-->1.67
Jorge	1	1	0.5	1	(8.75) 1	1	1	(10) 1	0.25	0.25(5)-->7.9 
Joan	1	1	1	1	1	0.75	1	1	1	1 ---> 9.8
Jonatha	1	0.75	0.5	1(8.1)	1	1	1(10)	1	0	1(6.7) --> 8.2
